x
-1 1
1 0.2 1.293004
2 0.017341 1.429515
3 0.2 0.512997
4 -0.15725 0.107143
5 0.000113 0.655346
6 0.000616 0.398588
7 0.2 0.511997
8 -0.153894 0.07463400000000001
9 0.000101 0.6555299999999999
10 0.000614 0.396294
11 0.2 0.497997
12 -0.108511 0.039706
13 0.000119 0.607108
14 0.000345 0.450052
15 0.2 0.498997
16 -0.109344 0.039477
17 0.000121 0.607599
18 0.000358 0.448377
19 0.2 1.42301
20 0.016974 0.88647
21 0.2 0.5729959999999999
22 -0.208661 0.095681
23 0.000122 0.817415
24 0.000827 0.353534
25 0.2 0.5729959999999999
26 -0.205758 0.0769
27 0.000111 0.817433
28 0.001187 0.349482
29 0.2 0.548996
30 -0.08760900000000001 0.037453
31 0.000123 0.593488
32 0.000321 0.529706
33 0.2 0.547996
34 -0.073919 0.037288
35 0.000116 0.590894
36 0.0003 0.527103
37 0.00717 0.04804
38 0.116763 5.177592
39 0.00293 0.580094
40 -1.484344 1.442691
41 0.185318 1
42 0.005556 1
